(2024, 3, 7, 3, 9, 44, 12, 0),24.8,65.7,0.0,0,-,0,0,26.2,407.4,990.1,0.5
(2024, 3, 7, 3, 9, 45, 12, 0),25.0,65.1,0.0,0,-,0,0,28.5,407.4,990.0,0.5
(2024, 3, 7, 3, 9, 46, 12, 0),25.2,64.8,0.0,0,SO,0,0,33.1,412.9,990.0,0.5
(2024, 3, 7, 3, 9, 47, 12, 0),25.4,64.4,0.0,0,SO,0.406009,0,34.1,429.6,990.1,0.5
(2024, 3, 7, 3, 9, 56, 39, 0),25.5,63.8,0.0,0,-,0,0,25.5,425.9,989.8,0.5
(2024, 3, 7, 3, 9, 57, 39, 0),25.6,63.6,0.0,0,-,0,0,27.8,431.6,989.8,0.5
(2024, 3, 7, 3, 9, 58, 39, 0),25.7,63.2,0.0,0,-,0.406009,0,39.5,437.3,989.8,0.5
(2024, 3, 7, 3, 9, 59, 39, 0),25.8,63.0,0.0,0,-,0.406009,0,25.7,437.3,989.8,0.5
(2024, 3, 7, 3, 10, 0, 39, 0),26.0,62.6,0.0,0,-,0.406009,0,32.5,443.1,989.8,0.5
(2024, 3, 7, 3, 10, 1, 39, 0),26.1,62.2,0.0,0,-,0.406009,0,32.2,454.9,989.8,0.5
(2024, 3, 7, 3, 10, 2, 39, 0),26.3,61.9,0.0,0,-,0.406009,0,26.3,454.9,989.8,0.5
(2024, 3, 7, 3, 10, 3, 39, 0),26.4,61.4,0.0,0,-,0.406009,0,51.6,437.3,989.9,0.5
(2024, 3, 7, 3, 10, 4, 39, 0),26.6,61.1,0.0,0,-,0.406009,0,28.5,443.1,989.8,0.5
(2024, 3, 7, 3, 10, 5, 39, 0),26.7,60.7,0.0,0,-,0.406009,0,33.0,449.0,989.8,0.5
(2024, 3, 7, 3, 10, 6, 39, 0),26.9,60.3,0.0,0,-,0.406009,0,25.4,443.1,989.8,0.5
(2024, 3, 7, 3, 10, 7, 39, 0),27.0,59.8,0.0,0,-,0.406009,0,27.7,443.1,989.8,0.5
(2024, 3, 7, 3, 10, 8, 39, 0),27.1,59.6,0.0,0,-,0.406009,0,36.5,437.3,989.7,0.5
(2024, 3, 7, 3, 10, 9, 39, 0),27.2,59.3,0.0,0,-,0.406009,0,32.8,454.9,989.7,0.5
(2024, 3, 7, 3, 10, 10, 39, 0),27.3,59.1,0.0,0,-,0.406009,0,35.9,437.3,989.8,0.5
(2024, 3, 7, 3, 10, 11, 39, 0),27.3,59.0,0.0,0,-,0.406009,0,28.8,443.1,989.7,0.5
(2024, 3, 7, 3, 10, 12, 39, 0),27.4,58.8,0.0,0,-,0.406009,0,28.2,443.1,989.7,0.5
(2024, 3, 7, 3, 10, 13, 39, 0),27.5,58.6,0.0,0,-,0.406009,0,30.8,443.1,989.7,0.5
(2024, 3, 7, 3, 10, 14, 39, 0),27.5,58.3,0.0,0,-,0.406009,0,27.9,454.9,989.7,0.5
(2024, 3, 7, 3, 10, 15, 39, 0),27.6,58.1,0.0,0,-,0.406009,0,28.7,449.0,989.7,0.5
(2024, 3, 7, 3, 10, 16, 39, 0),27.6,58.0,0.0,0,-,0.406009,0,29.2,460.8,989.7,0.5
(2024, 3, 7, 3, 10, 17, 39, 0),27.7,57.8,0.0,0,-,0.406009,0,27.8,466.8,989.7,0.5
(2024, 3, 7, 3, 10, 18, 39, 0),27.7,57.5,0.0,0,-,0.406009,0,26.5,449.0,989.7,0.5
(2024, 3, 7, 3, 10, 19, 39, 0),27.8,57.4,0.0,0,-,0.406009,0,26.5,454.9,989.7,0.5
(2024, 3, 7, 3, 10, 20, 39, 0),27.8,57.4,0.0,0,-,0.406009,0,26.9,479.0,989.7,0.5
(2024, 3, 7, 3, 10, 21, 39, 0),27.8,57.3,0.0,0,-,0.406009,0,27.2,449.0,989.7,0.5
(2024, 3, 7, 3, 10, 22, 39, 0),27.9,57.1,0.0,0,-,0.406009,0,29.0,472.9,989.7,0.5
(2024, 3, 7, 3, 10, 23, 39, 0),27.9,57.0,0.0,0,-,0.406009,0,26.3,449.0,989.7,0.5
(2024, 3, 7, 3, 10, 24, 39, 0),27.9,57.0,0.0,0,-,0.406009,0,29.3,472.9,989.6,0.5
(2024, 3, 7, 3, 10, 25, 39, 0),28.0,56.9,0.0,0,-,0.406009,0,40.2,460.8,989.7,0.5
(2024, 3, 7, 3, 10, 26, 39, 0),28.0,56.8,0.0,0,-,0.406009,0,29.0,460.8,989.7,0.5
(2024, 3, 7, 3, 10, 27, 39, 0),28.0,56.7,0.0,0,-,0.406009,0,27.4,454.9,989.6,0.5
(2024, 3, 7, 3, 10, 28, 39, 0),28.0,56.7,0.0,0,-,0.406009,0,28.6,491.4,989.6,0.5
(2024, 3, 7, 3, 10, 29, 39, 0),28.0,56.9,0.0,0,-,0.406009,0,26.9,466.8,989.6,0.5
(2024, 3, 7, 3, 10, 30, 39, 0),28.1,57.1,0.0,0,-,0.406009,0,27.0,472.9,989.6,0.5
(2024, 3, 7, 3, 10, 31, 39, 0),28.1,57.0,0.0,0,-,0.406009,0,27.7,479.0,989.6,0.5
(2024, 3, 7, 3, 10, 32, 39, 0),28.1,57.1,0.0,0,-,0.406009,0,26.5,454.9,989.6,0.5
(2024, 3, 7, 3, 10, 33, 39, 0),28.1,57.0,0.0,0,-,0.406009,0,29.8,466.8,989.6,0.5
(2024, 3, 7, 3, 10, 34, 39, 0),28.1,56.9,0.0,0,-,0.406009,0,27.4,472.9,989.7,0.5
(2024, 3, 7, 3, 10, 35, 39, 0),28.1,57.0,0.0,0,-,0.406009,0,26.1,449.0,989.6,0.5
(2024, 3, 7, 3, 10, 36, 39, 0),28.1,57.2,0.0,0,-,0.406009,0,25.7,449.0,989.7,0.5
(2024, 3, 7, 3, 10, 37, 39, 0),28.1,57.1,0.0,0,-,0.406009,0,28.6,460.8,989.7,0.5
(2024, 3, 7, 3, 10, 48, 34, 0),28.1,57.0,0.0,-,0,0,30.0,421.5,989.7,0.5
(2024, 3, 7, 3, 10, 49, 34, 0),28.1,57.1,0.0,-,0,0,52.6,421.5,989.6,0.5
(2024, 3, 7, 3, 10, 50, 34, 0),28.2,57.1,0.0,-,1.218027,0,34.8,410.8,989.7,0.5
(2024, 3, 7, 3, 10, 51, 34, 0),28.2,57.0,0.0,-,2.436054,0,32.4,410.8,989.7,0.5
(2024, 3, 7, 3, 10, 52, 34, 0),28.2,56.9,0.0,-,2.436054,0,33.5,405.5,989.6,0.5
(2024, 3, 7, 3, 10, 53, 34, 0),28.2,56.8,0.0,-,0,0,31.5,400.3,989.7,0.5
(2024, 3, 7, 3, 10, 54, 34, 0),28.2,56.7,0.0,-,0,0,35.8,410.8,989.6,0.5
(2024, 3, 7, 3, 10, 55, 34, 0),28.2,56.6,0.0,-,0,0,39.3,405.5,989.6,0.5
(2024, 3, 7, 3, 10, 56, 34, 0),28.2,56.5,0.0,-,0,0,33.4,410.8,989.6,0.5
(2024, 3, 7, 3, 10, 57, 34, 0),28.2,56.5,0.0,-,0,0,35.3,395.1,989.6,0.5
(2024, 3, 7, 3, 10, 58, 34, 0),28.2,56.4,0.0,-,0,0,44.6,400.3,989.6,0.5
(2024, 3, 7, 3, 10, 59, 34, 0),28.2,56.3,0.0,-,0,0,40.7,400.3,989.7,0.5
(2024, 3, 7, 3, 11, 0, 34, 0),28.2,56.2,0.0,-,0,0,37.3,454.8,989.6,0.5
(2024, 3, 7, 3, 11, 1, 34, 0),28.2,56.0,0.0,-,0,0,35.7,421.5,989.6,0.5
(2024, 3, 7, 3, 11, 2, 34, 0),28.2,55.9,0.0,-,0,0,26.6,416.2,989.6,0.5
(2024, 3, 7, 3, 11, 3, 34, 0),28.2,55.9,0.0,-,0,0,30.6,395.1,989.6,0.5
(2024, 3, 7, 3, 11, 4, 34, 0),28.2,55.8,0.0,-,0,0,34.0,400.3,989.6,0.5
(2024, 3, 7, 3, 11, 5, 34, 0),28.2,55.8,0.0,-,0,0,28.7,395.1,989.6,0.5
(2024, 3, 7, 3, 11, 6, 34, 0),28.1,55.7,0.0,-,0,0,26.6,395.1,989.6,0.5
(2024, 3, 7, 3, 11, 7, 34, 0),28.1,55.8,0.0,-,0,0,27.6,400.3,989.6,0.5
(2024, 3, 7, 3, 11, 8, 34, 0),28.1,55.8,0.0,-,0,0,27.9,395.1,989.6,0.5
(2024, 3, 7, 3, 11, 9, 34, 0),28.2,55.8,0.0,-,0,0,36.2,395.1,989.5,0.5
(2024, 3, 7, 3, 11, 11, 56, 0),28.1,55.8,0.0,-,0,0,26.3,410.8,989.5,0.5
(2024, 3, 7, 3, 11, 12, 56, 0),28.2,55.8,0.0,-,0,0,28.1,416.2,989.5,0.5
(2024, 3, 7, 3, 11, 13, 56, 0),28.2,55.9,0.0,-,0,0,26.5,421.6,989.5,0.5
(2024, 3, 7, 3, 11, 14, 56, 0),28.1,56.0,0.0,-,0.8120179,0,26.6,416.2,989.5,0.5
(2024, 3, 7, 3, 11, 15, 56, 0),28.1,56.1,0.0,-,0.8120179,0,41.9,427.1,989.4,0.5
(2024, 3, 7, 3, 11, 16, 56, 0),28.2,56.3,0.0,-,0.8120179,0,31.0,427.1,989.4,0.5
(2024, 3, 7, 3, 11, 17, 56, 0),28.1,56.4,0.0,-,0,0,29.5,438.3,989.5,0.5
(2024, 3, 7, 3, 11, 18, 56, 0),28.1,56.4,0.0,-,0,0,33.1,432.7,989.5,0.5
(2024, 3, 7, 3, 11, 19, 56, 0),28.2,56.5,0.0,-,0,0,27.6,432.7,989.5,0.5
(2024, 3, 7, 3, 11, 20, 56, 0),28.2,56.6,0.0,-,1.624036,0,29.2,438.3,989.5,0.5
(2024, 3, 7, 3, 11, 21, 56, 0),28.2,56.5,0.0,-,1.624036,0,29.6,427.1,989.5,0.5
(2024, 3, 7, 3, 11, 22, 56, 0),28.2,56.6,0.0,-,1.624036,0,30.1,416.2,989.4,0.5
(2024, 3, 7, 3, 11, 23, 56, 0),28.2,56.6,0.0,-,0,0,26.8,438.3,989.4,0.5
(2024, 3, 7, 3, 11, 24, 56, 0),28.2,56.5,0.0,-,0,0,40.6,438.3,989.4,0.5
(2024, 3, 7, 3, 11, 25, 56, 0),28.2,56.8,0.0,-,0,0,37.7,421.6,989.4,0.5
(2024, 3, 7, 3, 11, 26, 56, 0),28.2,56.6,0.0,-,0,0,38.4,427.1,989.4,0.5
(2024, 3, 7, 3, 11, 27, 56, 0),28.3,56.5,0.0,-,0.406009,0,37.8,427.1,989.4,0.5
(2024, 3, 7, 3, 11, 28, 56, 0),28.3,56.4,0.0,-,1.624036,0,37.7,427.1,989.3,0.5
(2024, 3, 7, 3, 11, 29, 56, 0),28.3,56.4,0.0,-,2.436054,0,45.9,432.7,989.4,0.5
(2024, 3, 7, 3, 11, 30, 56, 0),28.3,56.5,0.0,-,2.842063,0,30.3,432.7,989.4,0.5
(2024, 3, 7, 3, 11, 31, 56, 0),28.3,56.4,0.0,-,2.842063,0,33.1,432.7,989.3,0.5
(2024, 3, 7, 3, 11, 32, 56, 0),28.3,56.4,0.0,-,0,0,36.9,438.3,989.3,0.5
(2024, 3, 7, 3, 11, 33, 56, 0),28.3,56.3,0.0,-,0,0,37.4,443.9,989.3,0.5
(2024, 3, 7, 3, 11, 34, 56, 0),28.3,56.3,0.0,-,0,0,49.1,443.9,989.3,0.5
(2024, 3, 7, 3, 11, 35, 56, 0),28.3,56.3,0.0,-,0,0,58.1,416.2,989.3,0.5
(2024, 3, 7, 3, 11, 36, 56, 0),28.3,56.3,0.0,-,0,0,36.9,432.7,989.3,0.5
(2024, 3, 7, 3, 11, 37, 56, 0),28.3,56.2,0.0,-,0,0,44.7,427.1,989.3,0.5
(2024, 3, 7, 3, 11, 38, 56, 0),28.3,56.3,0.0,-,0,0,26.7,421.6,989.2,0.5
(2024, 3, 7, 3, 11, 39, 56, 0),28.4,56.1,0.0,-,0,0,28.1,421.6,989.3,0.5
(2024, 3, 7, 3, 11, 40, 56, 0),28.4,56.0,0.0,-,0,0,32.9,410.8,989.2,0.5
(2024, 3, 7, 3, 11, 41, 56, 0),28.3,56.1,0.0,-,0,0,32.2,438.3,989.2,0.5
(2024, 3, 7, 3, 11, 42, 56, 0),28.3,56.0,0.0,-,0,0,29.3,443.9,989.2,0.5
(2024, 3, 7, 3, 11, 43, 56, 0),28.4,56.0,0.0,-,0,0,30.7,443.9,989.3,0.5
(2024, 3, 7, 3, 11, 44, 56, 0),28.4,56.0,0.0,-,0,0,28.5,443.9,989.2,0.5
(2024, 3, 7, 3, 11, 45, 56, 0),28.4,56.0,0.0,-,0,0,30.9,427.1,989.2,0.5
(2024, 3, 7, 3, 11, 46, 56, 0),28.4,55.9,0.0,-,0,0,27.0,443.9,989.3,0.5
(2024, 3, 7, 3, 11, 47, 56, 0),28.3,55.8,0.0,-,0,0,33.5,438.3,989.2,0.5
(2024, 3, 7, 3, 11, 48, 56, 0),28.3,55.8,0.0,-,0,0,34.7,432.7,989.3,0.5
(2024, 3, 7, 3, 11, 49, 56, 0),28.3,55.9,0.0,-,0,0,34.1,438.3,989.2,0.5
(2024, 3, 7, 3, 11, 50, 56, 0),28.3,55.8,0.0,-,0,0,41.1,84829.8,989.4,0.5
(2024, 3, 7, 3, 11, 51, 56, 0),28.4,56.1,0.0,-,0,0,29.7,1033.6,989.3,0.5
(2024, 3, 7, 3, 11, 52, 56, 0),28.5,55.6,0.0,-,0,0,27.5,674.3,989.3,0.5
(2024, 3, 7, 3, 11, 53, 56, 0),28.5,55.6,0.0,SO,0.8120179,0,39.6,622.5,989.3,0.5
(2024, 3, 7, 3, 11, 54, 56, 0),28.5,55.7,0.0,SO,0.8120179,0,30.4,587.6,989.2,0.5
(2024, 3, 7, 3, 11, 55, 56, 0),28.5,55.6,0.0,SO,0.8120179,0,34.5,601.4,989.3,0.5
(2024, 3, 7, 3, 11, 56, 56, 0),28.5,55.6,0.0,SO,0,0,36.0,608.4,989.3,0.5
(2024, 3, 7, 3, 11, 57, 56, 0),28.5,55.7,0.0,SO,0,0,36.2,587.6,989.2,0.5
(2024, 3, 7, 3, 11, 58, 56, 0),28.5,55.8,0.0,SO,0,0,26.3,601.4,989.2,0.5
(2024, 3, 7, 3, 11, 59, 56, 0),28.5,55.8,0.0,SO,0,0,28.2,615.4,989.2,0.5
(2024, 3, 7, 3, 12, 0, 56, 0),28.5,55.7,0.0,SO,0,0,31.0,608.4,989.2,0.5
(2024, 3, 7, 3, 12, 1, 56, 0),28.5,55.7,0.0,SO,0,0,35.5,594.5,989.2,0.5
(2024, 3, 7, 3, 12, 2, 56, 0),28.5,55.6,0.0,SO,0,0,29.1,580.8,989.2,0.5
(2024, 3, 7, 3, 12, 3, 56, 0),28.5,55.6,0.0,SO,0,0,29.7,574.0,989.1,0.5
(2024, 3, 7, 3, 12, 4, 56, 0),28.5,55.6,0.0,SO,0,0,33.1,580.8,989.1,0.5
(2024, 3, 7, 3, 12, 5, 56, 0),28.5,55.6,0.0,SO,0,0,30.0,574.0,989.2,0.5
(2024, 3, 7, 3, 12, 6, 56, 0),28.5,55.6,0.0,SO,0,0,36.8,580.8,989.1,0.5
(2024, 3, 7, 3, 12, 7, 56, 0),28.5,55.5,0.0,SO,0,0,28.2,560.6,989.1,0.5
(2024, 3, 7, 3, 9, 12, 26, 0),28.5,55.8,0.0,-,0,0,31.3,382.5,989.1,0.5
(2024, 3, 7, 3, 9, 13, 26, 0),28.6,56.2,0.0,-,0,0,30.8,391.7,989.1,0.5
(2024, 3, 7, 3, 9, 14, 26, 0),28.6,56.0,0.0,-,0,0,41.5,410.7,989.0,0.5
(2024, 3, 7, 3, 9, 15, 26, 0),28.6,55.9,0.0,-,0,0,29.8,396.4,989.0,0.5
(2024, 3, 7, 3, 9, 16, 26, 0),28.6,56.2,0.0,-,0,0,31.9,391.7,989.0,0.5
(2024, 3, 7, 3, 9, 17, 26, 0),28.6,56.3,0.0,-,0,0,26.8,387.1,988.9,0.5
(2024, 3, 7, 3, 9, 18, 26, 0),28.6,56.4,0.0,-,0,0,26.6,387.1,989.0,0.5
(2024, 3, 7, 3, 9, 19, 26, 0),28.6,56.4,0.0,-,0,0,26.0,382.5,988.9,0.5
(2024, 3, 7, 3, 9, 20, 26, 0),28.6,56.4,0.0,-,0,0,27.6,387.1,988.9,0.5
(2024, 3, 7, 3, 9, 21, 26, 0),28.6,56.4,0.0,-,0,0,27.4,401.1,988.9,0.5
(2024, 3, 7, 3, 12, 30, 25, 0),28.6,56.1,0.0,-,0,0,25.9,403.6,988.8,0.5
(2024, 3, 7, 3, 12, 31, 25, 0),28.6,56.3,0.0,-,0,0,29.6,427.6,988.8,0.5
(2024, 3, 7, 3, 12, 32, 25, 0),28.6,56.3,0.0,-,0,0,28.1,398.8,988.8,0.5
(2024, 3, 7, 3, 12, 33, 25, 0),28.6,56.2,0.0,-,0,0,39.8,398.8,988.8,0.5
(2024, 3, 7, 3, 12, 34, 25, 0),28.6,56.0,0.0,-,0,0,30.4,417.9,988.8,0.5
(2024, 3, 7, 3, 12, 35, 25, 0),28.6,56.1,0.0,-,0,0,27.6,398.8,988.8,0.5
(2024, 3, 7, 3, 12, 36, 25, 0),28.6,56.4,0.0,-,0,0,26.5,389.6,988.8,0.5
(2024, 3, 7, 3, 12, 37, 25, 0),28.6,56.6,0.0,-,0,0,27.6,413.1,988.8,0.5
(2024, 3, 7, 3, 12, 38, 25, 0),28.6,56.0,0.0,-,0,0,31.5,403.6,988.8,0.5
(2024, 3, 7, 3, 12, 39, 25, 0),28.6,56.4,0.0,-,0,0,42.5,398.8,988.8,0.5
(2024, 3, 7, 3, 12, 40, 25, 0),28.6,56.2,0.0,-,0,0,33.0,389.6,988.8,0.5
(2024, 3, 7, 3, 12, 41, 25, 0),28.6,56.4,0.0,-,0,0,30.5,380.4,988.7,0.5
(2024, 3, 7, 3, 12, 42, 25, 0),28.6,56.7,0.0,-,0,0,28.4,403.6,988.7,0.5
(2024, 3, 7, 3, 12, 43, 25, 0),28.6,56.5,0.0,-,0,0,31.3,389.6,988.7,0.5
(2024, 3, 7, 3, 12, 44, 25, 0),28.6,56.5,0.0,-,0,0,35.0,417.9,988.7,0.5
(2024, 3, 7, 3, 12, 45, 25, 0),28.6,56.2,0.0,-,0,0,29.0,389.6,988.7,0.5
(2024, 3, 7, 3, 12, 46, 25, 0),28.6,56.2,0.0,-,0,0,31.4,380.4,988.7,0.5
(2024, 3, 7, 3, 12, 47, 25, 0),28.6,56.7,0.0,-,0,0,31.7,403.6,988.7,0.5
(2024, 3, 7, 3, 12, 48, 25, 0),28.6,56.5,0.0,-,0,0,34.0,403.6,988.7,0.5
(2024, 3, 7, 3, 12, 49, 25, 0),28.6,56.2,0.0,-,0,0,31.2,403.6,988.7,0.5
(2024, 3, 7, 3, 12, 50, 25, 0),28.6,56.1,0.0,-,0,0,29.2,398.8,988.7,0.5
(2024, 3, 7, 3, 12, 51, 25, 0),28.6,56.4,0.0,-,0.406009,0,40.9,380.4,988.6,0.5
(2024, 3, 7, 3, 12, 52, 25, 0),28.6,56.4,0.0,-,0.8120179,0,31.3,375.9,988.6,0.5
(2024, 3, 7, 3, 12, 53, 25, 0),28.6,56.4,0.0,-,0.8120179,0,33.8,375.9,988.6,0.5
(2024, 3, 7, 3, 12, 54, 25, 0),28.6,56.4,0.0,-,0,0,38.3,380.4,988.6,0.5
(2024, 3, 7, 3, 12, 55, 25, 0),28.6,56.5,0.0,-,0,0,29.9,380.4,988.6,0.5
(2024, 3, 7, 3, 12, 56, 25, 0),28.6,56.3,0.0,-,0,0,44.1,380.4,988.6,0.5
(2024, 3, 7, 3, 12, 57, 25, 0),28.6,56.3,0.0,-,0,0,32.2,371.4,988.6,0.5
(2024, 3, 7, 3, 12, 58, 25, 0),28.6,56.4,0.0,-,0,0,31.4,403.6,988.5,0.5
(2024, 3, 7, 3, 12, 59, 25, 0),28.6,56.4,0.0,-,0,0,37.2,385.0,988.6,0.5
(2024, 3, 7, 3, 13, 0, 25, 0),28.6,56.4,0.0,-,0,0,30.1,389.6,988.6,0.5
(2024, 3, 7, 3, 13, 1, 25, 0),28.6,56.4,0.0,-,0,0,31.5,375.9,988.6,0.5
(2024, 3, 7, 3, 13, 2, 25, 0),28.6,56.3,0.0,-,0,0,33.1,385.0,988.6,0.5
(2024, 3, 7, 3, 13, 3, 25, 0),28.6,56.4,0.0,-,0,0,38.7,398.8,988.6,0.5
(2024, 3, 7, 3, 13, 4, 25, 0),28.6,56.4,0.0,-,0,0,27.6,385.0,988.6,0.5
(2024, 3, 7, 3, 13, 5, 25, 0),28.6,56.4,0.0,-,0,0,29.5,380.4,988.6,0.5
(2024, 3, 7, 3, 13, 6, 25, 0),28.6,56.4,0.0,-,0,0,30.9,389.6,988.6,0.5
(2024, 3, 7, 3, 13, 7, 25, 0),28.6,56.4,0.0,-,0,0,30.8,385.0,988.5,0.5
(2024, 3, 7, 3, 13, 8, 25, 0),28.6,56.4,0.0,-,0,0,27.5,389.6,988.5,0.5
(2024, 3, 7, 3, 13, 9, 25, 0),28.6,56.5,0.0,-,0,0,33.3,380.4,988.5,0.5
(2024, 3, 7, 3, 13, 10, 25, 0),28.6,56.5,0.0,-,0,0,28.8,389.6,988.6,0.5
(2024, 3, 7, 3, 13, 11, 25, 0),28.6,56.4,0.0,-,0,0,29.1,385.0,988.5,0.5
(2024, 3, 7, 3, 13, 12, 25, 0),28.6,56.5,0.0,-,0,0,34.6,398.8,988.4,0.5
(2024, 3, 7, 3, 13, 13, 25, 0),28.5,56.5,0.0,-,0,0,28.2,385.0,988.4,0.5
(2024, 3, 7, 3, 13, 14, 25, 0),28.5,56.5,0.0,-,0,0,31.9,398.8,988.4,0.5
(2024, 3, 7, 3, 13, 15, 25, 0),28.6,56.5,0.0,-,0,0,34.6,385.0,988.4,0.5
(2024, 3, 7, 3, 13, 16, 25, 0),28.5,56.5,0.0,-,0,0,32.2,398.8,988.4,0.5
(2024, 3, 7, 3, 13, 17, 25, 0),28.5,56.5,0.0,-,0,0,29.8,389.6,988.4,0.5
(2024, 3, 7, 3, 13, 18, 25, 0),28.5,56.6,0.0,-,0,0,27.3,385.0,988.4,0.5
(2024, 3, 7, 3, 13, 19, 25, 0),28.5,56.5,0.0,-,0,0,31.1,398.8,988.4,0.5
(2024, 3, 7, 3, 13, 20, 25, 0),28.5,56.4,0.0,-,0,0,33.4,398.8,988.4,0.5
(2024, 3, 7, 3, 13, 21, 25, 0),28.5,56.5,0.0,-,0,0,32.1,385.0,988.4,0.5
(2024, 3, 7, 3, 13, 22, 25, 0),28.6,56.6,0.0,-,0,0,33.0,398.8,988.4,0.5
(2024, 3, 7, 3, 13, 23, 25, 0),28.5,56.6,0.0,-,0,0,28.0,398.8,988.3,0.5
(2024, 3, 7, 3, 13, 24, 25, 0),28.5,56.6,0.0,-,0,0,27.9,380.4,988.3,0.5
(2024, 3, 7, 3, 13, 25, 25, 0),28.5,56.6,0.0,-,0,0,26.2,417.9,988.4,0.5
(2024, 3, 7, 3, 13, 26, 25, 0),28.5,56.0,0.0,-,0,0,26.5,427.6,988.3,0.5
(2024, 3, 7, 3, 13, 27, 25, 0),28.5,55.9,0.0,-,0,0,29.2,413.1,988.3,0.5
(2024, 3, 7, 3, 13, 28, 25, 0),28.5,56.1,0.0,-,0,0,27.1,389.6,988.3,0.5
(2024, 3, 7, 3, 13, 29, 25, 0),28.5,56.5,0.0,-,0,0,35.1,398.8,988.3,0.5
(2024, 3, 7, 3, 13, 30, 25, 0),28.5,56.5,0.0,-,0,0,38.3,394.2,988.2,0.5
(2024, 3, 7, 3, 13, 31, 25, 0),28.5,56.6,0.0,-,0,0,28.4,380.4,988.2,0.5
(2024, 3, 7, 3, 13, 32, 25, 0),28.5,56.6,0.0,-,0,0,29.5,389.6,988.2,0.5
(2024, 3, 7, 3, 13, 33, 25, 0),28.5,56.5,0.0,-,0,0,39.0,408.3,988.2,0.5
(2024, 3, 7, 3, 13, 34, 25, 0),28.5,56.6,0.0,-,0,0,30.1,408.3,988.2,0.5
(2024, 3, 7, 3, 13, 35, 25, 0),28.5,56.2,0.0,-,0,0,33.9,385.0,988.2,0.5
(2024, 3, 7, 3, 13, 36, 25, 0),28.5,56.4,0.0,-,0,0,27.3,398.8,988.1,0.5
(2024, 3, 7, 3, 13, 37, 25, 0),28.5,56.5,0.0,-,0,0,33.7,389.6,988.1,0.5
(2024, 3, 7, 3, 13, 38, 25, 0),28.5,56.5,0.0,-,0,0,30.3,394.2,988.1,0.5
(2024, 3, 7, 3, 13, 39, 25, 0),28.6,56.5,0.0,-,0,0,29.3,385.0,988.1,0.5
(2024, 3, 7, 3, 13, 40, 25, 0),28.5,56.4,0.0,-,0,0,51.4,403.6,988.1,0.5
(2024, 3, 7, 3, 13, 41, 25, 0),28.5,56.6,0.0,-,0,0,31.9,398.8,988.0,0.5
(2024, 3, 7, 3, 13, 42, 25, 0),28.6,56.7,0.0,-,0,0,35.4,394.2,988.0,0.5
(2024, 3, 7, 3, 13, 43, 25, 0),28.5,56.6,0.0,-,0,0,38.2,398.8,988.0,0.5
(2024, 3, 7, 3, 13, 44, 25, 0),28.6,56.5,0.0,-,0,0,35.5,403.6,988.0,0.5
(2024, 3, 7, 3, 13, 45, 25, 0),28.5,56.6,0.0,-,0,0,31.8,398.8,988.0,0.5
(2024, 3, 7, 3, 13, 46, 25, 0),28.5,56.6,0.0,-,0,0,27.9,408.3,988.0,0.5
(2024, 3, 7, 3, 13, 47, 25, 0),28.5,56.7,0.0,-,0,0,32.5,389.6,987.9,0.5
(2024, 3, 7, 3, 13, 48, 25, 0),28.5,56.6,0.0,-,0,0,32.5,408.3,987.9,0.5
(2024, 3, 7, 3, 13, 49, 25, 0),28.6,56.6,0.0,-,0,0,26.0,403.6,987.9,0.5
(2024, 3, 7, 3, 13, 50, 25, 0),28.5,56.5,0.0,-,0,0,32.9,408.3,987.9,0.5
(2024, 3, 7, 3, 13, 51, 25, 0),28.5,56.1,0.0,-,0,0,28.5,422.7,987.9,0.5
(2024, 3, 7, 3, 13, 52, 25, 0),28.5,55.8,0.0,-,0,0,26.5,417.9,987.9,0.5
(2024, 3, 7, 3, 13, 53, 25, 0),28.5,56.0,0.0,-,0,0,27.2,403.6,987.8,0.5
(2024, 3, 7, 3, 13, 54, 25, 0),28.5,56.3,0.0,-,0,0,34.3,398.8,987.9,0.5
(2024, 3, 7, 3, 13, 55, 25, 0),28.6,56.6,0.0,-,0,0,42.9,398.8,987.8,0.5
(2024, 3, 7, 3, 13, 56, 25, 0),28.6,56.6,0.0,-,0,0,36.0,403.6,987.7,0.5
(2024, 3, 7, 3, 13, 57, 25, 0),28.6,56.6,0.0,-,0,0,48.7,403.6,987.7,0.5
(2024, 3, 7, 3, 13, 58, 25, 0),28.6,56.1,0.0,-,0,0,44.3,413.1,987.7,0.5
(2024, 3, 7, 3, 13, 59, 25, 0),28.5,56.3,0.0,-,0,0,54.8,432.6,987.8,0.5
(2024, 3, 7, 3, 14, 0, 25, 0),28.6,56.1,0.0,-,0,0,30.2,413.1,987.8,0.5
(2024, 3, 7, 3, 14, 1, 25, 0),28.6,56.3,0.0,-,0,0,28.3,398.8,987.8,0.5
(2024, 3, 7, 3, 14, 2, 25, 0),28.6,56.7,0.0,-,0,0,31.7,398.8,987.8,0.5
(2024, 3, 7, 3, 14, 3, 25, 0),28.6,56.7,0.0,-,0.8120179,0,32.8,394.2,987.8,0.5
(2024, 3, 7, 3, 14, 4, 25, 0),28.6,56.8,0.0,-,0.8120179,0,27.7,403.6,987.8,0.5
(2024, 3, 7, 3, 14, 5, 25, 0),28.6,56.7,0.0,-,0,0,28.6,394.2,987.7,0.5
(2024, 3, 7, 3, 14, 6, 25, 0),28.6,56.8,0.0,-,0,0,32.1,408.3,987.7,0.5
(2024, 3, 7, 3, 14, 7, 25, 0),28.6,56.7,0.0,-,0,0,25.4,403.6,987.7,0.5
(2024, 3, 7, 3, 14, 8, 25, 0),28.6,56.7,0.0,-,0,0,34.7,408.3,987.7,0.5
(2024, 3, 7, 3, 14, 9, 25, 0),28.6,56.6,0.0,-,0,0,38.5,413.1,987.7,0.5
(2024, 3, 7, 3, 14, 10, 25, 0),28.6,56.8,0.0,-,0,0,33.0,398.8,987.7,0.5
(2024, 3, 7, 3, 14, 11, 25, 0),28.6,56.8,0.0,-,0,0,29.1,413.1,987.7,0.5
(2024, 3, 7, 3, 14, 12, 25, 0),28.6,56.6,0.0,-,0,0,28.8,417.9,987.7,0.5
(2024, 3, 7, 3, 14, 13, 25, 0),28.6,56.7,0.0,-,0,0,28.1,403.6,987.7,0.5
(2024, 3, 7, 3, 14, 14, 25, 0),28.6,56.8,0.0,-,0,0,31.2,389.6,987.7,0.5
(2024, 3, 7, 3, 14, 15, 25, 0),28.6,56.9,0.0,-,0,0,41.4,403.6,987.7,0.5
(2024, 3, 7, 3, 14, 17, 24, 0),28.6,57.2,0.0,-,0,0,31.1,419.8,987.6,0.5
(2024, 3, 7, 3, 14, 18, 24, 0),28.6,57.0,0.0,-,0,0,28.1,410.2,987.6,0.5
(2024, 3, 7, 3, 14, 19, 24, 0),28.6,57.1,0.0,-,0,0,29.6,410.2,987.6,0.5
(2024, 3, 7, 3, 14, 20, 24, 0),28.6,57.1,0.0,-,0,0,33.8,415.0,987.6,0.5
(2024, 3, 7, 3, 14, 21, 24, 0),28.6,57.1,0.0,-,0,0,27.3,410.2,987.6,0.5
(2024, 3, 7, 3, 14, 22, 24, 0),28.6,56.9,0.0,-,0,0,28.3,419.8,987.6,0.5
(2024, 3, 7, 3, 14, 23, 24, 0),28.6,56.7,0.0,-,0,0,34.4,424.7,987.6,0.5
(2024, 3, 7, 3, 14, 24, 24, 0),28.6,57.1,0.0,-,0,0,27.5,415.0,987.6,0.5
(2024, 3, 7, 3, 14, 25, 24, 0),28.6,57.3,0.0,-,0,0,26.2,424.7,987.6,0.5
(2024, 3, 7, 3, 14, 26, 24, 0),28.6,57.1,0.0,-,0,0,26.4,419.8,987.6,0.5
(2024, 3, 7, 3, 14, 27, 24, 0),28.6,57.0,0.0,-,0,0,34.7,424.7,987.5,0.5
(2024, 3, 7, 3, 14, 28, 24, 0),28.6,56.8,0.0,-,0,0,28.6,415.0,987.6,0.5
(2024, 3, 7, 3, 14, 29, 24, 0),28.6,57.0,0.0,-,0,0,28.8,424.7,987.6,0.5
(2024, 3, 7, 3, 14, 30, 24, 0),28.6,57.1,0.0,-,0,0,27.5,444.9,987.6,0.5
(2024, 3, 7, 3, 14, 31, 24, 0),28.6,57.2,0.0,-,0,0,27.2,444.9,987.5,0.5
(2024, 3, 7, 3, 14, 32, 24, 0),28.6,57.1,0.0,-,0,0,29.7,424.7,987.5,0.5
(2024, 3, 7, 3, 14, 33, 24, 0),28.6,57.0,0.0,-,0,0,29.9,429.6,987.5,0.5
(2024, 3, 7, 3, 14, 41, 19, 0),28.7,57.0,0.0,-,0,0,31.9,410.2,987.5,0.5
(2024, 3, 7, 3, 14, 45, 32, 0),28.6,57.1,0.0,-,0,0,30.1,412.5,987.4,0.5
(2024, 3, 7, 3, 14, 46, 32, 0),28.6,57.3,0.0,-,0,0,26.8,393.9,987.3,0.5
(2024, 3, 7, 3, 14, 47, 32, 0),28.6,57.4,0.0,-,0,0,31.4,393.9,987.4,0.5
(2024, 3, 7, 3, 14, 48, 32, 0),28.6,57.4,0.0,-,0,0,26.5,407.8,987.4,0.5
(2024, 3, 7, 3, 14, 49, 32, 0),28.6,57.4,0.0,-,0,0,29.0,393.9,987.3,0.5
(2024, 3, 7, 3, 14, 50, 32, 0),28.6,57.5,0.0,-,0,0,28.8,398.5,987.3,0.5
(2024, 3, 7, 3, 15, 2, 58, 0),27.1,61.0,0.0,-,0,0,27.2,434.0,987.2,0.5
(2024, 3, 7, 3, 15, 3, 58, 0),27.0,61.3,0.0,-,0,0,30.4,439.2,987.2,0.5
(2024, 3, 7, 3, 15, 4, 58, 0),27.0,61.4,0.0,-,0,0,33.0,439.2,987.3,0.5
(2024, 3, 7, 3, 15, 5, 58, 0),27.1,61.3,0.0,-,0,0,30.0,444.5,987.2,0.5
(2024, 3, 7, 3, 15, 6, 58, 0),27.2,61.1,0.0,-,0,0,28.3,444.5,987.2,0.5
(2024, 3, 7, 3, 15, 7, 58, 0),27.3,60.8,0.0,-,0,0,32.3,465.9,987.1,0.5
(2024, 3, 7, 3, 15, 8, 58, 0),27.4,60.6,0.0,-,0,0,36.6,465.9,987.1,0.5
(2024, 3, 7, 3, 15, 9, 58, 0),27.6,60.2,0.0,-,0,0,26.8,449.8,987.1,0.5
(2024, 3, 7, 3, 15, 10, 58, 0),27.7,60.1,0.0,-,0,0,28.5,460.5,987.1,0.5
(2024, 3, 7, 3, 15, 11, 58, 0),27.8,59.7,0.0,-,0,0,28.1,465.9,987.1,0.5
(2024, 3, 7, 3, 15, 12, 58, 0),27.8,59.5,0.0,-,0,0,31.6,460.5,987.1,0.5
(2024, 3, 7, 3, 15, 13, 58, 0),27.9,59.3,0.0,-,0,0,47.7,482.5,987.0,0.5
(2024, 3, 7, 3, 15, 14, 58, 0),28.0,59.1,0.0,-,0,0,36.8,476.9,987.0,0.5
(2024, 3, 7, 3, 15, 15, 58, 0),28.1,58.8,0.0,-,0,0,31.7,476.9,986.9,0.5
(2024, 3, 7, 3, 15, 16, 58, 0),28.2,58.8,0.0,-,0,0,28.1,482.5,987.0,0.5
(2024, 3, 7, 3, 15, 17, 58, 0),28.2,59.0,0.0,-,0,0,39.0,476.9,986.9,0.5
(2024, 3, 7, 3, 15, 18, 58, 0),28.3,58.7,0.0,-,0,0,32.4,476.9,986.9,0.5
(2024, 3, 7, 3, 15, 19, 58, 0),28.3,58.3,0.0,-,0,0,27.1,471.4,986.9,0.5
(2024, 3, 7, 3, 15, 20, 58, 0),28.4,58.5,0.0,-,0,0,32.1,488.1,987.0,0.5
(2024, 3, 7, 3, 15, 21, 58, 0),28.4,58.4,0.0,-,0,0,28.3,476.9,986.9,0.5
(2024, 3, 7, 3, 15, 22, 58, 0),28.5,58.3,0.0,-,0,0,32.2,488.1,986.9,0.5
(2024, 3, 7, 3, 15, 23, 58, 0),28.5,58.1,0.0,-,0,0,29.6,482.5,986.9,0.5
(2024, 3, 7, 3, 15, 24, 58, 0),28.5,58.2,0.0,-,0,0,30.2,476.9,986.8,0.5
(2024, 3, 7, 3, 15, 25, 58, 0),28.5,58.0,0.0,-,0,0,35.2,482.5,986.8,0.5
(2024, 3, 7, 3, 15, 26, 58, 0),28.6,57.8,0.0,-,0,0,28.1,493.7,986.8,0.5
(2024, 3, 7, 3, 15, 27, 58, 0),28.6,57.7,0.0,-,0,0,27.9,476.9,986.8,0.5
(2024, 3, 7, 3, 15, 28, 58, 0),28.6,57.7,0.0,-,0,0,26.2,488.1,986.8,0.5
(2024, 3, 7, 3, 15, 29, 58, 0),28.6,57.6,0.0,-,0,0,29.6,511.3,986.7,0.5
(2024, 3, 7, 3, 15, 30, 58, 0),28.6,57.6,0.0,-,0,0,32.8,493.7,986.7,0.5
(2024, 3, 7, 3, 15, 31, 58, 0),28.7,57.5,0.0,-,0,0,27.5,482.5,986.8,0.5
(2024, 3, 7, 3, 15, 32, 58, 0),28.7,57.3,0.0,-,0,0,38.9,499.4,986.8,0.5
(2024, 3, 7, 3, 15, 33, 58, 0),28.7,57.4,0.0,-,0,0,34.4,476.9,986.8,0.5
(2024, 3, 7, 3, 15, 34, 58, 0),28.7,57.4,0.0,-,0,0,30.9,488.1,986.8,0.5
(2024, 3, 7, 3, 15, 35, 58, 0),28.7,57.6,0.0,-,0,0,37.8,471.4,986.7,0.5
(2024, 3, 7, 3, 15, 36, 58, 0),28.7,57.6,0.0,S,0,0,38.8,488.1,986.7,0.5
(2024, 3, 7, 3, 15, 37, 58, 0),28.7,57.4,0.0,S,0,0,39.4,482.5,986.6,0.5
(2024, 3, 7, 3, 15, 38, 58, 0),28.7,57.7,0.0,S,0,0,27.3,482.5,986.6,0.5
(2024, 3, 7, 3, 15, 39, 58, 0),28.8,57.9,0.0,S,0,0,31.6,499.4,986.6,0.5
(2024, 3, 7, 3, 15, 40, 58, 0),28.8,58.0,0.0,S,0,0,26.3,482.5,986.6,0.5
(2024, 3, 7, 3, 15, 41, 58, 0),28.8,58.1,0.0,S,0,0,50.9,476.9,986.5,0.5
(2024, 3, 7, 3, 15, 42, 58, 0),28.8,58.0,0.0,S,0,0,57.7,488.1,986.5,0.5
(2024, 3, 7, 3, 15, 43, 58, 0),28.8,57.9,0.0,S,0,0,53.6,488.1,986.5,0.5
(2024, 3, 7, 3, 15, 44, 58, 0),28.8,57.7,0.0,S,0,0,45.6,493.7,986.5,0.5
(2024, 3, 7, 3, 15, 45, 58, 0),28.8,57.5,0.0,S,0,0,50.8,493.7,986.5,0.5
(2024, 3, 7, 3, 15, 46, 58, 0),28.8,57.5,0.0,S,0,0,56.3,471.4,986.5,0.5
(2024, 3, 7, 3, 15, 47, 58, 0),28.8,57.5,0.0,S,0,0,31.1,482.5,986.5,0.5
(2024, 3, 7, 3, 15, 48, 58, 0),28.8,57.4,0.0,S,0,0,27.3,488.1,986.5,0.5
(2024, 3, 7, 3, 15, 49, 58, 0),28.9,57.4,0.0,S,0,0,31.3,488.1,986.4,0.5
(2024, 3, 7, 3, 15, 50, 58, 0),28.9,57.2,0.0,S,0,0,34.0,493.7,986.4,0.5
(2024, 3, 7, 3, 15, 51, 58, 0),28.9,57.1,0.0,S,0,0,30.7,493.7,986.4,0.5
(2024, 3, 7, 3, 15, 52, 58, 0),28.9,57.1,0.0,S,0,0,33.4,493.7,986.4,0.5
(2024, 3, 7, 3, 15, 53, 58, 0),28.9,57.3,0.0,S,0,0,34.6,493.7,986.5,0.5
(2024, 3, 7, 3, 15, 54, 58, 0),28.9,57.3,0.0,S,0,0,27.7,482.5,986.4,0.5
(2024, 3, 7, 3, 15, 55, 58, 0),28.9,57.3,0.0,S,0,0,39.8,488.1,986.4,0.5
(2024, 3, 7, 3, 15, 56, 58, 0),28.9,57.1,0.0,S,0,0,40.3,482.5,986.4,0.5
(2024, 3, 7, 3, 15, 57, 58, 0),28.9,57.4,0.0,S,0,0,32.1,482.5,986.3,0.5
(2024, 3, 7, 3, 15, 58, 58, 0),28.9,57.4,0.0,S,0,0,30.1,482.5,986.3,0.5
(2024, 3, 7, 3, 15, 59, 58, 0),28.9,57.3,0.0,S,0,0,30.9,511.3,986.3,0.5
(2024, 3, 7, 3, 16, 0, 58, 0),28.9,57.3,0.0,S,0,0,31.6,488.1,986.2,0.5
(2024, 3, 7, 3, 16, 1, 58, 0),28.9,57.1,0.0,S,0,0,30.6,476.9,986.2,0.5
(2024, 3, 7, 3, 16, 2, 58, 0),28.9,57.5,0.0,S,0,0,41.2,476.9,986.2,0.5
(2024, 3, 7, 3, 16, 3, 58, 0),28.9,57.5,0.0,S,0,0,36.8,476.9,986.2,0.5
(2024, 3, 7, 3, 16, 4, 58, 0),28.9,57.9,0.0,S,0,0,32.9,488.1,986.2,0.5
(2024, 3, 7, 3, 16, 5, 58, 0),28.9,57.7,0.0,S,0,0,27.6,488.1,986.2,0.5
(2024, 3, 7, 3, 16, 6, 58, 0),28.9,58.0,0.0,S,0,0,25.2,493.7,986.2,0.5
(2024, 3, 7, 3, 16, 7, 58, 0),28.9,58.1,0.0,S,0,0,25.3,505.5,986.2,0.5
(2024, 3, 7, 3, 16, 8, 58, 0),28.9,58.1,0.0,S,0,0,26.0,493.7,986.2,0.5
(2024, 3, 7, 3, 16, 9, 58, 0),28.9,57.8,0.0,S,0,0,26.4,493.7,986.2,0.5
(2024, 3, 7, 3, 16, 10, 58, 0),28.9,58.0,0.0,S,0,0,25.7,511.3,986.2,0.5
(2024, 3, 7, 3, 16, 11, 58, 0),28.9,57.9,0.0,S,0,0,25.7,517.2,986.2,0.5
(2024, 3, 7, 3, 16, 12, 58, 0),28.9,57.7,0.0,S,0,0,25.9,523.0,986.2,0.5
(2024, 3, 7, 3, 16, 13, 58, 0),28.9,57.8,0.0,S,0,0,25.8,511.3,986.3,0.5
(2024, 3, 7, 3, 16, 14, 58, 0),28.9,57.6,0.0,S,0,0,25.9,517.2,986.3,0.5
(2024, 3, 7, 3, 16, 15, 58, 0),28.9,57.5,0.0,S,0,0,25.8,534.9,986.3,0.5
(2024, 3, 7, 3, 16, 16, 58, 0),28.9,57.4,0.0,S,0,0,25.7,523.0,986.3,0.5
(2024, 3, 7, 3, 16, 17, 58, 0),28.9,57.5,0.0,S,0,0,25.6,505.5,986.3,0.5
(2024, 3, 7, 3, 16, 18, 58, 0),28.9,57.7,0.0,S,0,0,25.6,529.0,986.3,0.5
(2024, 3, 7, 3, 16, 19, 58, 0),28.9,57.4,0.0,S,0,0,25.5,517.2,986.3,0.5
(2024, 3, 7, 3, 16, 20, 58, 0),28.9,57.4,0.0,S,0,0,26.2,517.2,986.3,0.5
(2024, 3, 7, 3, 16, 21, 58, 0),28.9,57.5,0.0,S,0,0,25.4,517.2,986.3,0.5
(2024, 3, 7, 3, 16, 22, 58, 0),28.9,57.5,0.0,S,0,0,26.3,517.2,986.3,0.5
(2024, 3, 7, 3, 16, 23, 58, 0),28.9,57.4,0.0,S,0,0,26.0,517.2,986.2,0.5
(2024, 3, 7, 3, 16, 24, 58, 0),28.9,57.4,0.0,S,0,0,26.7,529.0,986.3,0.5
(2024, 3, 7, 3, 16, 25, 58, 0),28.9,57.5,0.0,S,0,0,26.4,529.0,986.2,0.5
(2024, 3, 7, 3, 16, 26, 58, 0),28.9,57.7,0.0,S,0,0,25.6,523.0,986.2,0.5
(2024, 3, 7, 3, 16, 27, 58, 0),28.9,57.5,0.0,S,0,0,25.4,529.0,986.2,0.5
(2024, 3, 7, 3, 16, 28, 58, 0),28.9,57.5,0.0,S,0,0,25.6,529.0,986.2,0.5
(2024, 3, 7, 3, 16, 29, 58, 0),28.9,57.6,0.0,S,0,0,25.7,523.0,986.2,0.5
(2024, 3, 7, 3, 16, 30, 58, 0),28.9,57.5,0.0,S,0,0,25.6,529.0,986.2,0.5
(2024, 3, 7, 3, 16, 31, 58, 0),28.9,57.5,0.0,S,0,0,27.1,534.9,986.2,0.5
(2024, 3, 7, 3, 16, 32, 58, 0),28.9,57.6,0.0,S,0,0,25.7,529.0,986.2,0.5
(2024, 3, 7, 3, 16, 33, 58, 0),28.9,57.4,0.0,S,0,0,28.7,529.0,986.2,0.5
(2024, 3, 7, 3, 16, 34, 58, 0),28.9,57.6,0.0,S,0,0,28.2,523.0,986.2,0.5
(2024, 3, 7, 3, 16, 35, 58, 0),28.9,57.7,0.0,S,0,0,27.5,529.0,986.2,0.5
(2024, 3, 7, 3, 16, 36, 58, 0),28.9,57.7,0.0,S,0,0,26.7,529.0,986.2,0.5
(2024, 3, 7, 3, 16, 37, 58, 0),28.9,57.7,0.0,S,0,0,25.9,529.0,986.2,0.5
(2024, 3, 7, 3, 16, 38, 58, 0),28.9,57.5,0.0,S,0,0,27.3,529.0,986.2,0.5
(2024, 3, 7, 3, 16, 39, 58, 0),28.9,57.7,0.0,S,0,0,26.6,540.9,986.2,0.5
(2024, 3, 7, 3, 16, 40, 58, 0),28.9,57.7,0.0,S,0,0,28.0,534.9,986.2,0.5
(2024, 3, 7, 3, 16, 41, 58, 0),28.9,57.6,0.0,S,0,0,26.8,553.1,986.2,0.5
(2024, 3, 7, 3, 16, 42, 58, 0),28.9,57.6,0.0,S,0,0,26.5,534.9,986.2,0.5
(2024, 3, 7, 3, 16, 43, 58, 0),28.9,57.6,0.0,S,0,0,28.7,523.0,986.2,0.5
(2024, 3, 7, 3, 16, 44, 58, 0),28.9,57.7,0.0,S,0,0,26.3,547.0,986.2,0.5
(2024, 3, 7, 3, 16, 45, 58, 0),28.9,57.5,0.0,S,0,0,26.2,540.9,986.2,0.5
(2024, 3, 7, 3, 16, 46, 58, 0),28.9,57.6,0.0,S,0,0,25.7,534.9,986.2,0.5
(2024, 3, 7, 3, 16, 47, 58, 0),28.9,57.6,0.0,S,0,0,25.6,529.0,986.2,0.5
(2024, 3, 7, 3, 16, 48, 58, 0),28.9,57.6,0.0,S,0,0,26.5,529.0,986.2,0.5
(2024, 3, 7, 3, 16, 49, 58, 0),28.9,57.7,0.0,S,0,0,26.4,534.9,986.2,0.5
(2024, 3, 7, 3, 16, 50, 58, 0),28.9,57.6,0.0,S,0,0,26.3,534.9,986.2,0.5
(2024, 3, 7, 3, 16, 51, 58, 0),28.9,57.6,0.0,S,0,0,25.3,559.2,986.2,0.5
(2024, 3, 7, 3, 16, 52, 58, 0),28.9,57.6,0.0,S,0,0,25.1,529.0,986.2,0.5
(2024, 3, 7, 3, 16, 53, 58, 0),28.9,57.8,0.0,S,0,0,26.4,540.9,986.2,0.5
(2024, 3, 7, 3, 16, 54, 58, 0),28.9,57.6,0.0,S,0,0,26.3,529.0,986.2,0.5
(2024, 3, 7, 3, 16, 55, 58, 0),28.9,57.6,0.0,S,0,0,26.0,547.0,986.1,0.5
(2024, 3, 7, 3, 16, 56, 58, 0),28.9,57.6,0.0,S,0,0,25.8,540.9,986.1,0.5
(2024, 3, 7, 3, 16, 57, 58, 0),28.9,57.8,0.0,S,0,0,26.8,534.9,986.2,0.5
(2024, 3, 7, 3, 16, 58, 58, 0),28.9,57.7,0.0,S,0,0,26.1,540.9,986.2,0.5
(2024, 3, 7, 3, 16, 59, 58, 0),28.9,57.5,0.0,S,0,0,26.1,547.0,986.2,0.5
(2024, 3, 7, 3, 17, 0, 58, 0),28.9,57.7,0.0,S,0,0,26.1,559.2,986.2,0.5
(2024, 3, 7, 3, 17, 1, 58, 0),28.9,57.8,0.0,S,0,0,25.6,540.9,986.1,0.5
(2024, 3, 7, 3, 17, 2, 58, 0),28.9,57.6,0.0,S,0,0,27.3,540.9,986.1,0.5
(2024, 3, 7, 3, 17, 3, 58, 0),28.9,57.7,0.0,S,0,0,27.6,559.2,986.1,0.5
(2024, 3, 7, 3, 17, 4, 58, 0),28.9,57.8,0.0,S,0,0,26.6,571.7,986.1,0.5
(2024, 3, 7, 3, 17, 5, 58, 0),28.9,57.2,0.0,S,0,0,27.5,553.1,986.1,0.5
(2024, 3, 7, 3, 17, 6, 58, 0),28.9,57.5,0.0,S,0,0,25.4,547.0,986.2,0.5
(2024, 3, 7, 3, 17, 7, 58, 0),28.9,57.5,0.0,S,0,0,27.6,540.9,986.1,0.5
(2024, 3, 7, 3, 17, 8, 58, 0),28.9,57.4,0.0,S,0,0,25.5,553.1,986.1,0.5
(2024, 3, 7, 3, 17, 9, 58, 0),28.9,57.4,0.0,S,0,0,28.5,547.0,986.1,0.5
(2024, 3, 7, 3, 17, 10, 58, 0),29.0,57.5,0.0,S,0,0,25.9,540.9,986.1,0.5
(2024, 3, 7, 3, 17, 11, 58, 0),29.0,57.7,0.0,S,0,0,35.7,534.9,986.1,0.5
(2024, 3, 7, 3, 17, 12, 58, 0),28.9,57.7,0.0,S,0,0,25.8,559.2,986.1,0.5
(2024, 3, 7, 3, 17, 13, 58, 0),29.0,57.8,0.0,S,0,0,25.5,534.9,986.1,0.5
(2024, 3, 7, 3, 17, 14, 58, 0),29.0,57.7,0.0,S,0,0,25.7,553.1,986.1,0.5
(2024, 3, 7, 3, 17, 15, 58, 0),28.9,57.5,0.0,S,0,0,26.7,540.9,986.1,0.5
(2024, 3, 7, 3, 17, 16, 58, 0),29.0,57.8,0.0,S,0,0,25.8,547.0,986.1,0.5
(2024, 3, 7, 3, 17, 17, 58, 0),29.0,57.6,0.0,S,0,0,27.2,540.9,986.1,0.5
(2024, 3, 7, 3, 17, 18, 58, 0),29.0,57.7,0.0,S,0,0,26.1,540.9,986.0,0.5
(2024, 3, 7, 3, 17, 19, 58, 0),29.0,57.8,0.0,S,0,0,27.1,534.9,986.0,0.5
(2024, 3, 7, 3, 17, 20, 58, 0),29.0,57.7,0.0,S,0,0,26.9,540.9,986.1,0.5
(2024, 3, 7, 3, 17, 21, 58, 0),29.0,57.7,0.0,S,0,0,33.0,559.2,986.0,0.5
(2024, 3, 7, 3, 17, 22, 58, 0),29.0,57.8,0.0,S,0,0,27.3,534.9,986.0,0.5
(2024, 3, 7, 3, 17, 23, 58, 0),29.0,57.8,0.0,S,0,0,27.6,540.9,986.0,0.5
(2024, 3, 7, 3, 17, 24, 58, 0),29.0,57.8,0.0,S,0,0,25.6,553.1,986.0,0.5
(2024, 3, 7, 3, 17, 25, 58, 0),29.0,57.9,0.0,S,0,0,54.7,534.9,986.0,0.5
(2024, 3, 7, 3, 17, 26, 58, 0),29.0,57.9,0.0,S,0,0,54.8,553.1,986.0,0.5
(2024, 3, 7, 3, 17, 27, 58, 0),29.0,57.9,0.0,S,0,0,48.6,540.9,986.0,0.5
(2024, 3, 7, 3, 17, 28, 58, 0),29.0,58.0,0.0,S,0,0,52.7,534.9,986.0,0.5
(2024, 3, 7, 3, 17, 29, 58, 0),29.0,58.0,0.0,S,0,0,25.7,540.9,986.0,0.5
(2024, 3, 7, 3, 17, 30, 58, 0),29.0,58.0,0.0,S,0,0,35.9,553.1,986.0,0.5
(2024, 3, 7, 3, 17, 31, 58, 0),29.0,57.9,0.0,S,0,0,48.6,553.1,985.9,0.5
(2024, 3, 7, 3, 17, 32, 58, 0),29.0,58.0,0.0,S,0,0,25.9,540.9,986.0,0.5
(2024, 3, 7, 3, 17, 33, 58, 0),29.0,58.0,0.0,S,0,0,52.1,540.9,985.9,0.5
(2024, 3, 7, 3, 17, 34, 58, 0),29.0,57.9,0.0,S,0,0,26.3,553.1,986.0,0.5
(2024, 3, 7, 3, 17, 35, 58, 0),29.0,58.1,0.0,S,0,0,26.5,565.4,985.9,0.5
(2024, 3, 7, 3, 17, 36, 58, 0),29.0,58.0,0.0,S,0,0,36.3,565.4,985.9,0.5
(2024, 3, 7, 3, 17, 37, 58, 0),29.0,57.8,0.0,S,0,0,54.5,540.9,985.9,0.5
(2024, 3, 7, 3, 17, 38, 58, 0),29.0,57.8,0.0,S,0,0,37.6,553.1,986.0,0.5
(2024, 3, 7, 3, 17, 39, 58, 0),29.0,57.8,0.0,S,0,0,45.8,534.9,985.9,0.5
(2024, 3, 7, 3, 17, 40, 58, 0),29.0,57.9,0.0,S,0,0,53.6,553.1,985.9,0.5
(2024, 3, 7, 3, 17, 43, 16, 0),29.0,58.0,0.0,-,0,0,45.3,415.9,985.9,0.5
(2024, 3, 7, 3, 17, 48, 49, 0),28.9,58.3,0.0,-,0,0,26.5,383.1,985.6,0.5
(2024, 3, 7, 3, 17, 49, 49, 0),28.9,58.3,0.0,-,0,0,45.0,374.6,985.6,0.5
(2024, 3, 7, 3, 17, 50, 49, 0),28.9,58.5,0.0,-,0,0,41.6,374.6,985.6,0.5
(2024, 3, 7, 3, 17, 53, 11, 0),28.9,58.5,0.0,-,0,0,44.6,418.6,985.6,0.5
(2024, 3, 7, 3, 17, 58, 45, 0),28.9,58.7,0.0,-,0,0,28.1,383.9,985.5,0.5
(2024, 3, 7, 3, 17, 59, 45, 0),28.9,58.7,0.0,-,0,0,37.9,392.5,985.6,0.5
(2024, 3, 7, 3, 18, 0, 45, 0),28.9,58.6,0.0,-,0,0,42.8,388.2,985.6,0.5
(2024, 3, 7, 3, 18, 1, 45, 0),28.9,58.7,0.0,-,0,0,41.7,379.6,985.6,0.5
(2024, 3, 7, 3, 18, 2, 45, 0),28.9,58.6,0.0,-,0,0,50.8,396.8,985.6,0.5
(2024, 3, 7, 3, 18, 3, 45, 0),28.9,58.5,0.0,-,0,0,32.9,388.2,985.6,0.5
(2024, 3, 7, 3, 18, 12, 18, 0),28.6,59.5,0.0,-,0,0,42.4,394.1,985.7,0.5
(2024, 3, 7, 3, 18, 13, 18, 0),28.5,59.9,0.0,-,0,0,35.5,412.3,985.7,0.5
(2024, 3, 7, 3, 18, 17, 2, 0),28.4,59.9,0.0,-,0,0,33.9,415.4,985.7,0.5
(2024, 3, 7, 3, 18, 18, 2, 0),28.5,59.8,0.0,S,0.406009,0,56.0,410.8,985.7,0.5
(2024, 3, 7, 3, 18, 19, 2, 0),28.6,59.8,0.0,S,0.406009,0,53.2,429.5,985.6,0.5
(2024, 3, 7, 3, 18, 26, 0, 0),28.2,60.5,0.0,-,0,0,48.5,377.8,985.6,0.5
(2024, 3, 7, 3, 18, 27, 0, 0),28.1,60.7,0.0,S,0,0,47.7,382.1,985.6,0.5
(2024, 3, 7, 3, 18, 31, 4, 0),28.2,60.9,0.0,-,0,0,35.5,331.3,985.5,0.5
(2024, 3, 7, 3, 18, 32, 4, 0),28.2,60.9,0.0,-,0,0,31.3,346.9,985.5,0.5
(2024, 3, 7, 3, 18, 33, 4, 0),28.2,60.9,0.0,-,0,0,27.4,343.0,985.5,0.5
(2024, 3, 7, 3, 18, 34, 4, 0),28.3,60.9,0.0,-,0,0,27.9,350.9,985.5,0.5
(2024, 3, 7, 3, 18, 35, 4, 0),28.3,60.8,0.0,-,0,0,41.3,358.8,985.5,0.5
(2024, 3, 7, 3, 18, 36, 4, 0),28.4,60.8,0.0,-,0,0,54.5,346.9,985.5,0.5
(2024, 3, 7, 3, 18, 37, 4, 0),28.4,60.6,0.0,-,0,0,51.4,346.9,985.5,0.5
(2024, 3, 7, 3, 18, 38, 4, 0),28.5,60.4,0.0,-,0,0,38.2,350.9,985.5,0.5
(2024, 3, 7, 3, 18, 39, 4, 0),28.6,60.1,0.0,-,0,0,26.7,346.9,985.4,0.5
(2024, 3, 7, 3, 18, 40, 4, 0),28.6,60.0,0.0,-,0,0,45.0,354.8,985.4,0.5
(2024, 3, 7, 3, 18, 41, 4, 0),28.7,59.9,0.0,-,0,0,46.1,354.8,985.4,0.5
(2024, 3, 7, 3, 18, 42, 4, 0),28.7,59.7,0.0,-,0,0,49.6,350.9,985.4,0.5
(2024, 3, 7, 3, 18, 43, 4, 0),28.7,59.7,0.0,-,0,0,51.5,354.8,985.4,0.5
(2024, 3, 7, 3, 18, 44, 4, 0),28.8,59.5,0.0,-,0,0,34.4,354.8,985.4,0.5
(2024, 3, 7, 3, 18, 45, 4, 0),28.8,59.5,0.0,-,0,0,37.6,350.9,985.4,0.5
(2024, 3, 7, 3, 18, 46, 4, 0),28.8,59.4,0.0,-,0,0,40.0,350.9,985.4,0.5
(2024, 3, 7, 3, 18, 47, 4, 0),28.9,59.5,0.0,-,0,0,57.8,358.8,985.4,0.5
(2024, 3, 7, 3, 18, 48, 4, 0),28.9,59.5,0.0,-,0,0,53.5,354.8,985.4,0.5
(2024, 3, 7, 3, 18, 54, 3, 0),28.6,59.8,0.0,-,0,0,57.7,417.8,985.5,0.5
(2024, 3, 7, 3, 18, 55, 3, 0),28.5,60.4,0.0,-,0,0,44.5,417.8,985.5,0.5
(2024, 3, 7, 3, 18, 56, 3, 0),28.5,60.3,0.0,-,0,0,27.8,422.6,985.4,0.5
(2024, 3, 7, 3, 18, 57, 3, 0),28.5,60.5,0.0,-,0,0,43.5,427.4,985.4,0.5
(2024, 3, 7, 3, 18, 58, 3, 0),28.5,60.3,0.0,-,0,0,37.0,422.6,985.4,0.5
(2024, 3, 7, 3, 18, 59, 50, 0),28.5,60.3,0.0,-,0,0,40.6,416.8,985.4,0.5
(2024, 3, 7, 3, 19, 0, 50, 0),28.6,60.1,0.0,-,0,0,47.2,407.6,985.4,0.5
(2024, 3, 7, 3, 19, 1, 50, 0),28.6,60.0,0.0,-,0,0,33.3,416.8,985.4,0.5
(2024, 3, 7, 3, 19, 2, 50, 0),28.7,59.7,0.0,-,0,0,47.4,412.2,985.4,0.5
(2024, 3, 7, 3, 19, 3, 50, 0),28.7,59.7,0.0,-,0,0,50.8,412.2,985.3,0.5
(2024, 3, 7, 3, 19, 4, 50, 0),28.8,59.7,0.0,-,0,0,30.4,416.8,985.4,0.5
(2024, 3, 7, 3, 19, 5, 50, 0),28.8,59.9,0.0,-,0,0,31.9,421.5,985.3,0.5
(2024, 3, 7, 3, 19, 35, 29, 0),28.5,60.7,0.0,-,0,0,39.5,422.0,985.3,0.5
(2024, 3, 7, 3, 19, 36, 29, 0),28.6,59.8,0.0,-,0,0,28.9,426.8,985.2,0.5
(2024, 3, 7, 3, 19, 38, 49, 0),28.7,59.7,0.0,-,0,0,47.4,395.9,985.1,0.5
(2024, 3, 7, 3, 19, 39, 49, 0),28.8,59.7,0.0,-,0,0,52.1,400.4,985.2,0.5
(2024, 3, 7, 3, 19, 40, 49, 0),28.8,59.6,0.0,-,0,0,51.6,395.9,985.1,0.5
(2024, 3, 7, 3, 19, 41, 49, 0),28.8,59.5,0.0,-,0,0,47.2,400.4,985.1,0.5
(2024, 3, 7, 3, 19, 42, 49, 0),28.9,59.4,0.0,-,0,0,44.0,395.9,985.2,0.5
(2024, 3, 7, 3, 19, 43, 49, 0),28.9,59.2,0.0,-,0,0,41.7,404.9,985.1,0.5
(2024, 3, 7, 3, 19, 44, 49, 0),28.9,59.2,0.0,-,0,0,44.7,404.9,985.1,0.5
(2024, 3, 7, 3, 19, 45, 49, 0),29.0,59.0,0.0,-,0,0,52.9,400.4,985.1,0.5
(2024, 3, 7, 3, 19, 46, 49, 0),29.0,58.5,0.0,-,0,0,32.4,400.4,985.0,0.5
(2024, 3, 7, 3, 19, 47, 49, 0),29.0,58.6,0.0,-,0,0,28.7,418.7,985.0,0.5
(2024, 3, 7, 3, 19, 48, 49, 0),29.0,58.7,0.0,-,0,0,34.8,404.9,985.0,0.5
(2024, 3, 7, 3, 19, 49, 49, 0),29.0,58.8,0.0,-,0,0,34.4,404.9,985.0,0.5
(2024, 3, 7, 3, 19, 50, 49, 0),29.1,58.6,0.0,-,0.8120179,0,29.8,382.7,985.0,0.5
(2024, 3, 7, 3, 19, 51, 49, 0),29.1,59.3,0.0,-,0.8120179,0,32.9,356.8,985.0,0.5
(2024, 3, 7, 3, 19, 52, 49, 0),29.1,60.4,0.0,-,0,0,53.3,356.8,985.0,0.5
(2024, 3, 7, 3, 19, 53, 49, 0),29.1,59.7,0.0,-,0.406009,0,26.6,382.7,985.0,0.5
(2024, 3, 7, 3, 19, 54, 49, 0),29.1,59.9,0.0,-,0.406009,0,32.7,336.5,985.0,0.5
(2024, 3, 7, 3, 19, 55, 49, 0),29.1,61.9,0.0,-,0,0,43.9,336.5,985.0,0.5
(2024, 3, 7, 3, 19, 56, 49, 0),29.2,62.3,0.0,-,0,0,51.5,332.5,985.0,0.5
(2024, 3, 7, 3, 19, 57, 49, 0),29.2,62.4,0.0,-,0,0,28.8,328.5,985.0,0.5
(2024, 3, 7, 3, 19, 58, 49, 0),29.1,62.5,0.0,-,0,0,36.7,328.5,985.1,0.5
(2024, 3, 7, 3, 19, 59, 49, 0),29.2,62.5,0.0,-,0,0,45.9,340.5,985.1,0.5
(2024, 3, 7, 3, 20, 0, 49, 0),29.2,62.5,0.0,-,0,0,52.7,348.6,985.1,0.5
(2024, 3, 7, 3, 20, 1, 49, 0),29.2,62.3,0.0,-,0,0,32.4,356.8,985.1,0.5
(2024, 3, 7, 3, 20, 2, 49, 0),29.2,61.8,0.0,-,0,0,52.7,356.8,985.1,0.5
(2024, 3, 7, 3, 20, 3, 49, 0),29.2,62.1,0.0,-,0,0,33.6,340.5,985.1,0.5
(2024, 3, 7, 3, 20, 4, 49, 0),29.2,62.1,0.0,-,0,0,45.0,352.7,985.1,0.5
(2024, 3, 7, 3, 20, 5, 49, 0),29.2,62.2,0.0,-,0,0,34.1,352.7,985.1,0.5
(2024, 3, 7, 3, 20, 6, 49, 0),29.2,62.1,0.0,-,0,0,48.7,356.8,985.2,0.5
(2024, 3, 7, 3, 20, 7, 49, 0),29.2,61.8,0.0,-,0,0,52.7,348.6,985.2,0.5
(2024, 3, 7, 3, 20, 8, 49, 0),29.2,62.2,0.0,-,0,0,46.4,340.5,985.2,0.5
(2024, 3, 7, 3, 20, 9, 49, 0),29.2,62.3,0.0,-,0,0,46.6,348.6,985.2,0.5
(2024, 3, 7, 3, 20, 10, 49, 0),29.2,62.3,0.0,-,0,0,60.4,348.6,985.2,0.5
(2024, 3, 7, 3, 20, 11, 49, 0),29.2,62.4,0.0,-,0,0,60.2,340.5,985.2,0.5
(2024, 3, 7, 3, 20, 12, 49, 0),29.2,62.3,0.0,-,0,0,32.9,340.5,985.2,0.5
(2024, 3, 7, 3, 20, 13, 49, 0),29.2,62.3,0.0,-,0,0,37.3,361.0,985.2,0.5
(2024, 3, 7, 3, 20, 23, 44, 0),29.2,62.2,0.0,-,0,0,33.8,417.4,985.5,0.5
(2024, 3, 7, 3, 20, 25, 44, 0),29.2,62.5,0.0,-,0,0,58.3,407.8,985.6,0.5
(2024, 3, 7, 3, 20, 29, 6, 0),29.2,63.1,0.0,-,0,0,50.7,419.5,985.6,0.5
(2024, 3, 7, 3, 20, 31, 6, 0),29.2,63.3,0.0,-,0,0,57.8,424.5,985.6,0.5
(2024, 3, 7, 3, 20, 33, 6, 0),29.2,63.3,0.0,-,0,0,41.0,439.6,985.6,0.5
(2024, 3, 7, 3, 20, 35, 6, 0),29.2,63.2,0.0,-,0,0,58.4,429.5,985.6,0.5
(2024, 3, 7, 3, 20, 37, 6, 0),29.2,63.0,0.0,-,0,0,37.9,429.5,985.6,0.5
(2024, 3, 7, 3, 20, 39, 6, 0),29.2,63.5,0.0,-,0,0,43.9,424.5,985.5,0.5
(2024, 3, 7, 3, 20, 41, 6, 0),29.2,63.5,0.0,-,0,0,45.4,439.6,985.6,0.5
(2024, 3, 7, 3, 20, 44, 5, 0),29.1,63.1,0.0,-,0,0,51.3,418.0,985.6,0.5
(2024, 3, 7, 3, 20, 44, 45, 0),29.1,63.3,0.0,-,0,0,43.6,433.1,985.6,0.5
(2024, 3, 7, 3, 20, 45, 25, 0),29.1,63.2,0.0,-,0,0,50.7,418.0,985.6,0.5
(2024, 3, 7, 3, 20, 57, 48, 0),29.1,63.1,0.0,-,0,0,34.9,421.4,985.6,0.5
(2024, 3, 7, 3, 20, 58, 28, 0),29.1,62.7,0.0,-,0,0,43.6,416.5,985.5,0.5
(2024, 3, 7, 3, 20, 59, 8, 0),29.1,62.6,0.0,-,0,0,25.8,406.7,985.5,0.5
(2024, 3, 7, 3, 20, 59, 48, 0),29.1,62.5,0.0,-,0,0,35.5,397.0,985.5,0.5
(2024, 3, 7, 3, 21, 0, 28, 0),29.1,62.5,0.0,-,0,0,50.3,411.6,985.5,0.5
(2024, 3, 7, 3, 21, 1, 56, 0),29.1,62.5,0.0,-,0,0,46.4,426.5,985.5,0.5
(2024, 3, 7, 3, 21, 3, 30, 0),29.1,62.4,0.0,-,0,0,38.8,396.2,985.5,0.5
(2024, 3, 7, 3, 21, 4, 10, 0),29.1,62.3,0.0,-,0,0,34.2,391.4,985.5,0.5
(2024, 3, 7, 3, 21, 4, 50, 0),29.1,62.3,0.0,-,0,0,47.7,396.2,985.5,0.5
(2024, 3, 7, 3, 21, 5, 30, 0),29.1,62.2,0.0,-,0,0,58.5,405.8,985.5,0.5
(2024, 3, 7, 3, 21, 6, 10, 0),29.1,62.2,0.0,-,0,0,33.1,405.8,985.5,0.5
(2024, 3, 7, 3, 21, 6, 50, 0),29.0,62.2,0.0,-,0,0,34.9,405.8,985.4,0.5
(2024, 3, 7, 3, 21, 7, 30, 0),29.0,62.1,0.0,-,0,0,30.3,396.2,985.5,0.5
(2024, 3, 7, 3, 21, 8, 10, 0),29.1,62.1,0.0,-,0,0,32.6,396.2,985.4,0.5
(2024, 3, 7, 3, 21, 8, 50, 0),29.0,62.1,0.0,-,0,0,30.3,400.9,985.4,0.5
(2024, 3, 7, 3, 21, 9, 30, 0),29.0,62.0,0.0,-,0,0,52.7,405.8,985.4,0.5
(2024, 3, 7, 3, 21, 10, 10, 0),29.0,62.0,0.0,-,0,0,41.0,400.9,985.5,0.5
(2024, 3, 7, 3, 21, 10, 50, 0),29.0,62.0,0.0,-,0,0,47.7,410.6,985.4,0.5
